5
213
351
373
442
527
797
848
875
892
959
1113
1148
1226
1484
1772
1834
1876
2164
2181
2364
2405
2682
2785
3012
3041
3043
3043
3047
3056
3127
3238
3336
4051
4173
4246
4449
4476
4501
4569
4572
4631
4667
5198
5432
5590
5614
5657
5717
5771
5868
5871
5955
6071
6111
6345
6354
6450
6493
6559
6732
7012
7056
7135
7136
7177
7250
7272
7570
7661
7761
7835
7873
7958
8007
8186
8241
8882
8920
8969
8994
9129
9603
9628
9735
9762
9813
9888
9891
10094
10134
10147
10195
10261
10310
10431
10596
10610
10627
10919
11106
11483
11614
11762
11785
11839
11911
12519
12646
12882
12998
13189
13217
13224
13335
13370
13609
13654
13684
13687
13758
13839
13965
14232
14304
14406
14540
14604
14654
14712
14725
14979
14992
15133
15234
15305
15320
15586
15714
15781
15800
15930
16032
16081
16315
16326
16340
16479
16573
16694
16934
16935
16950
16981
17062
17258
17370
17440
17547
17549
17555
17675
17741
17782
17785
17795
17844
17894
17956
18061
18143
18147
18189
18373
18422
18604
18606
18626
18633
18809
18892
18954
18999
19082
19126
19265
19364
19383
19451
19584
19805
19919
20178
20191
20235
20241
20360
20362
20419
20525
20606
20730
20768
20856
20915
20918
21142
21187
21447
21469
22113
22206
22283
22308
22460
22521
22544
22767
22777
22871
22907
22966
23021
23218
23277
23416
23560
23574
23589
23616
23768
23793
23816
23871
23902
24129
24199
24239
24542
24564
24609
25091
25213
25216
25324
25327
25487
25983
26236
26266
26342
26464
26526
26716
26790
26827
26916
27034
27090
27347
27405
27450
27488
27528
27741
27930
28067
28303
28377
28415
28443
28540
28561
28633
28679
28840
28965
29014
29019
29079
29258
29291
29306
29479
29502
29520
29681
29693
29944
30122
30273
30290
30310
30395
30563
30927
30986
31180
31242
31263
31313
31359
31445
31475
31536
31556
31566
31588
31667
31671
31729
31791
31825
31847
31887
31994
32031
32085
32117
32318
32408
32426
32690
32712
32740
32770
32842
33014
33106
33217
33217
33317
33406
33515
33567
33586
33625
33687
33975
33999
34180
34202
34450
34505
34592
34644
34667
34864
34999
35034
35130
35248
35318
35596
35618
35648
35710
35742
35773
35863
35898
35969
36123
36123
36194
36346
36553
36673
36674
37034
37128
37206
37278
37320
37409
37441
37519
37732
37778
37901
38096
38155
38309
38418
38475
38531
38621
38922
39059
39217
39260
39286
39439
39517
39720
39896
39916
39981
40050
40339
40573
40684
40711
40750
40764
40768
40862
41080
41091
41149
41244
41359
41593
41811
41868
41894
41900
42011
42055
42085
42112
42375
42392
42452
42604
42692
42874
42935
42938
43005
43032
43174
43393
43501
43577
43647
43725
43872
43898
44162
44275
44298
44375
44497
44682
44721
44725
44754
44797
44838
44851
45381
45445
45475
45505
45674
45772
45788
46063
46072
46227
46259
46270
46376
46417
46514
46558
46704
46840
46935
46962
46970
47232
47319
47385
47417
47417
47491
47547
47556
47591
47601
47610
48069
48081
48124
48173
48247
48457
48509
48626
48631
49071
49301
49579
49778
49798
49833
49984
50032
50561
50639
50782
50849
50852
51041
51182
51183
51320
51446
51668
51775
51860
51872
52001
52013
52058
52101
52134
52162
52267
52335
52441
52460
52569
52776
52844
52953
52976
53079
53095
53225
53229
53451
53936
54219
54335
54367
54391
54526
54935
55116
55130
55178
55369
55483
55867
56069
56125
56152
56264
56273
56311
56376
56597
56626
56895
56978
57060
57116
57241
57435
57436
57585
57693
57811
57928
58144
58226
58326
58363
58549
58615
58665
58712
58900
59007
59161
59208
59380
59560
59577
59585
59684
59722
59744
60028
60075
60232
60299
60301
60463
60735
60800
60851
60868
61059
61391
61741
61755
61969
61983
62024
62072
62128
62216
62245
62271
62294
62361
62808
62954
63006
63015
63299
63320
63365
63419
63567
63608
63726
63779
63794
63849
63850
63981
64110
64163
64354
64475
64557
64601
64683
64698
64768
64820
64927
65030
65191
65213
65226
65248
65353
65395
65440
65486
65579
65677
65993
66009
66046
66387
66409
66457
66499
66528
66686
66940
66949
67191
67213
67255
67258
67318
67401
67414
67520
67707
67710
67760
67867
67913
67977
68233
68391
68476
68481
68517
68550
68624
68849
68878
69261
69384
69415
69499
69536
69557
69624
69785
69862
69964
70200
70347
70356
70676
70730
70927
70932
70964
71058
71278
71391
71438
71448
71461
71496
71902
71904
71954
72066
72107
72176
72226
72275
72358
72418
72516
72661
72696
72712
72864
73254
73314
73398
73413
73460
73585
73742
73895
73907
73913
73919
73994
74047
74091
74166
74378
74512
74549
74550
74604
74636
74767
75091
75171
75239
75339
75370
75434
75859
75890
76008
76022
76181
76207
76212
76269
76641
76835
76918
77039
77092
77099
77136
77186
77233
77348
77451
77789
77821
77826
78047
78099
78229
78335
78430
78552
78583
78593
78601
78820
78949
79252
79252
79270
79540
79661
79683
79769
79794
79795
79826
79838
79856
79897
79972
80125
80171
80675
80683
80748
80761
80865
81109
81126
81466
81633
81849
82206
82222
82571
82602
82782
82808
82830
82893
82907
83004
83014
83029
83308
83333
83553
83627
83690
83690
83786
83830
83927
83929
84041
84231
84404
84685
84806
84865
84893
84948
85178
85249
85338
85369
85398
85560
85568
85769
86099
86280
86284
86413
86566
86579
86582
86612
86849
87008
87028
87128
87215
87224
87242
87341
87391
87531
87580
87604
87615
87645
87753
87836
87842
87933
88050
88192
88460
88631
88849
89020
89348
89436
89454
89465
89521
89582
89601
89651
89861
89890
89931
90179
90221
90249
90393
90415
90525
90732
90758
90831
90937
90968
91002
91005
91026
91074
91075
91083
91212
91299
91418
91423
91629
91749
91844
91858
92035
92100
92174
92399
92459
92489
92584
92590
92623
92708
92754
92839
92841
93062
93131
93167
93206
93257
93315
93409
93543
93740
93756
93812
93881
93964
94074
94144
94274
94315
94316
94387
94464
94481
94667
94716
94805
94870
94883
94922
95003
95101
95154
95190
95238
95345
95442
95475
96009
96090
96100
96196
96198
96227
96234
96374
96413
96542
96672
96826
97042
97183
97263
97405
97412
97574
97874
98000
98145
98197
98320
98332
98394
98459
98586
98904
98988
99098
99218
99318
99554
99628
99708
99742
99997
