1596
2098
6258
6841
7049
8212
9416
10297
11196
11762
13891
16099
16716
19633
20186
22060
22108
22731
27049
27773
28574
29627
35373
35416
35720
36286
37251
38764
39191
40823
41842
41865
44397
44482
45901
46442
46606
47207
47767
48048
48892
49307
50077
50903
50960
51598
52089
53663
55080
55713
56623
56692
57309
57525
58438
59670
59751
61274
61609
62357
62809
64117
64575
65117
65356
66108
66180
69330
70109
70143
70255
70375
71025
71602
74330
78466
78676
79209
82171
84556
84908
86694
87208
87416
88284
90754
90924
91046
91784
93812
93882
93983
93990
94793
94974
95504
95662
96922
98060
98078
