99984
99973
99937
99892
99889
99883
99865
99842
99838
99823
99821
99814
99808
99789
99775
99771
99768
99762
99757
99739
99713
99709
99705
99693
99689
99674
99674
99652
99648
99645
99643
99634
99627
99615
99593
99584
99578
99574
99561
99552
99550
99540
99524
99518
99504
99481
99477
99476
99472
99468
99450
99403
99403
99398
99389
99388
99385
99380
99380
99371
99356
99353
99348
99325
99324
99317
99302
99292
99287
99286
99284
99274
99270
99260
99247
99221
99217
99216
99206
99201
99188
99186
99183
99180
99175
99173
99169
99158
99155
99149
99142
99132
99129
99122
99106
99103
99096
99083
99066
99060
99037
99028
99027
99023
99016
99004
98997
98990
98954
98943
98929
98916
98915
98876
98862
98862
98847
98847
98846
98845
98808
98774
98770
98765
98755
98754
98750
98742
98733
98715
98714
98698
98697
98684
98678
98675
98657
98656
98639
98598
98597
98587
98569
98556
98545
98528
98527
98521
98509
98498
98492
98479
98475
98470
98460
98457
98440
98436
98409
98395
98389
98388
98376
98373
98346
98337
98335
98323
98318
98314
98298
98291
98281
98262
98251
98246
98244
98231
98229
98186
98183
98179
98151
98149
98145
98133
98124
98123
98093
98082
98073
98072
98063
98058
98053
98030
98019
98018
98016
98005
98005
98004
97999
97988
97982
97978
97973
97939
97936
97927
97926
97924
97923
97903
97892
97875
97860
97844
97837
97830
97809
97806
97794
97794
97794
97778
97776
97750
97715
97703
97700
97689
97688
97667
97665
97664
97663
97655
97652
97642
97627
97614
97612
97609
97601
97581
97568
97555
97527
97526
97523
97521
97514
97490
97474
97469
97468
97464
97461
97456
97452
97421
97417
97415
97381
97367
97355
97349
97347
97332
97322
97317
97307
97277
97224
97218
97216
97216
97215
97215
97212
97211
97209
97206
97204
97181
97175
97174
97162
97100
97078
97052
97043
97019
97005
97003
97002
96991
96987
96964
96961
96951
96941
96925
96912
96902
96901
96862
96821
96809
96773
96762
96762
96756
96756
96727
96726
96719
96700
96696
96686
96670
96667
96645
96639
96633
96633
96614
96533
96532
96527
96523
96516
96502
96493
96489
96488
96478
96464
96456
96444
96440
96436
96436
96431
96425
96412
96400
96394
96394
96390
96377
96370
96359
96339
96336
96331
96329
96320
96310
96310
96308
96302
96277
96269
96260
96255
96255
96249
96246
96220
96186
96180
96169
96165
96160
96157
96153
96153
96151
96141
96126
96119
96115
96104
96085
96076
96073
96072
96060
96058
96048
96039
96034
96033
96020
95963
95944
95940
95894
95892
95887
95883
95876
95854
95837
95829
95800
95793
95790
95778
95774
95766
95752
95749
95726
95722
95705
95700
95695
95689
95677
95656
95646
95646
95645
95636
95631
95625
95610
95608
95595
95594
95568
95551
95547
95547
95542
95532
95521
95520
95511
95505
95496
95494
95487
95484
95484
95451
95443
95432
95427
95419
95414
95413
95405
95402
95400
95380
95375
95366
95365
95364
95352
95351
95330
95327
95318
95316
95302
95294
95276
95268
95259
95246
95241
95236
95224
95214
95204
95194
95193
95184
95145
95140
95120
95114
95103
95102
95096
95095
95093
95093
95082
95078
95071
95065
95052
95048
95044
95043
95039
95013
94971
94969
94966
94958
94943
94939
94934
94904
94892
94867
94866
94865
94846
94843
94836
94823
94810
94792
94791
94786
94777
94772
94771
94766
94755
94749
94708
94697
94690
94679
94676
94673
94644
94616
94606
94606
94583
94569
94535
94534
94507
94502
94498
94498
94488
94488
94487
94471
94466
94450
94449
94442
94423
94415
94406
94381
94364
94342
94333
94328
94322
94316
94311
94306
94302
94301
94289
94285
94263
94252
94232
94227
94218
94215
94193
94155
94146
94121
94100
94090
94086
94077
94077
94060
94054
94052
94040
94035
94032
94019
93972
93972
93963
93960
93956
93946
93943
93918
93913
93912
93906
93890
93884
93862
93860
93858
93857
93841
93838
93834
93832
93829
93823
93818
93802
93799
93790
93788
93781
93777
93772
93751
93730
93728
93716
93711
93711
93710
93698
93688
93683
93673
93671
93670
93664
93647
93613
93580
93576
93571
93570
93556
93527
93521
93515
93512
93512
93511
93510
93496
93486
93481
93473
93466
93460
93460
93459
93453
93423
93410
93393
93386
93371
93364
93354
93340
93325
93323
93317
93312
93310
93303
93287
93272
93266
93248
93235
93214
93208
93207
93176
93170
93150
93142
93139
93133
93129
93126
93125
93113
93088
93087
93061
93053
93053
93035
93035
93004
93004
93002
92978
92966
92960
92931
92908
92904
92892
92887
92865
92795
92785
92784
92779
92754
92737
92717
92708
92707
92698
92696
92670
92655
92650
92644
92643
92633
92628
92600
92590
92559
92547
92533
92529
92518
92510
92472
92469
92435
92415
92411
92399
92382
92382
92377
92366
92361
92353
92351
92338
92316
92316
92315
92313
92311
92308
92300
92299
92299
92267
92260
92257
92240
92240
92230
92228
92222
92221
92213
92203
92192
92182
92179
92169
92161
92161
92150
92147
92123
92111
92096
92089
92046
91984
91968
91966
91965
91964
91950
91942
91929
91921
91916
91916
91909
91908
91908
91902
91897
91879
91866
91864
91863
91857
91844
91842
91838
91827
91808
91800
91768
91763
91761
91761
91759
91757
91738
91722
91720
91707
91695
91683
91663
91660
91657
91652
91645
91629
91628
91628
91625
91612
91594
91590
91575
91565
91563
91549
91548
91538
91527
91526
91510
91467
91465
91465
91457
91457
91455
91448
91441
91434
91406
91403
91401
91392
91390
91371
91368
91333
91333
91315
91314
91312
91296
91294
91293
91286
91273
91260
91257
91253
91243
91229
91210
91204
91173
91168
91148
91148
91137
91124
91120
91113
91109
91104
91088
91074
91067
91045
91027
91018
91014
90983
90979
90952
90943
90935
90922
90913
90908
90904
90899
90896
90893
90848
90840
90834
90819
90813
90780
90759
90748
90745
90738
90735
90726
90705
90700
90692
90682
90674
90667
90665
90646
90642
90639
90638
90628
90617
90616
90615
90588
90582
90565
90553
90552
90536
90535
90529
90524
90524
90480
90471
90460
90458
90457
90453
90446
90434
90432
90431
90417
90404
90379
90318
90314
90314
90307
90303
90302
90290
90289
90275
90270
90257
90252
90243
90241
90231
90228
90196
90196
90187
90174
90174
90134
90114
90112
90102
90074
90071
90064
90048
90045
90043
90023
90019
90000
89980
89964
89923
89920
89918
89914
89910
89902
89899
89880
89878
89877
89870
89848
89847
89833
89819
89816
89811
89811
89777
89774
89769
89750
89747
89736
89734
89725
89721
89715
89684
89671
89664
89653
89641
89639
89639
89609
89607
89606
89605
89600
89600
89583
89582
89575
89573
89570
89565
89559
89555
89541
89540
89534
89531
89528
89516
89513
89447
89433
89430
89420
89386
89373
89350
89349
89341
89319
89307
89289
89276
89249
89237
89225
89221
89219
89213
89212
89201
89199
89197
89188
89186
89185
89172
89156
89149
89127
89117
89116
89098
89091
89076
89069
89062
89060
89058
89032
89017
89003
88986
88984
88977
88969
88952
88950
88946
88942
88940
88933
88930
88927
88925
88922
88908
88907
88898
88870
88867
88859
88847
88838
88784
88763
88761
88717
88715
88699
88699
88691
88690
88682
88680
88675
88668
88668
88655
88651
88634
88628
88628
88620
88619
88607
88605
88596
88588
88585
88570
88557
88547
88546
88542
88540
88519
88517
88512
88482
88474
88462
88451
88449
88446
88445
88439
88439
88407
88400
88397
88393
88383
88375
88374
88365
88360
88354
88352
88336
88313
88298
88272
88256
88246
88232
88225
88197
88192
88186
88174
88165
88157
88103
88096
88077
88074
88053
88052
88043
88031
88031
88015
87997
87996
87989
87987
87981
87978
87964
87925
87913
87906
87897
87890
87887
87843
87824
87818
87773
87767
87705
87704
87677
87671
87665
87663
87648
87637
87614
87591
87584
87573
87568
87548
87546
87546
87545
87541
87537
87535
87514
87464
87448
87446
87446
87442
87442
87441
87439
87431
87407
87399
87394
87393
87392
87346
87344
87324
87278
87269
87266
87233
87209
87199
87196
87137
87130
87117
87103
87085
87078
87069
87055
87038
87020
87019
87011
86992
86990
86983
86979
86974
86967
86953
86951
86937
86927
86916
86914
86909
86907
86888
86861
86858
86852
86841
86836
86835
86835
86832
86827
86824
86823
86790
86786
86785
86780
86779
86774
86773
86769
86768
86767
86737
86734
86720
86719
86714
86703
86697
86697
86682
86653
86634
86626
86623
86623
86596
86581
86574
86570
86565
86550
86541
86539
86504
86497
86485
86483
86472
86457
86449
86447
86440
86434
86430
86425
86385
86381
86374
86368
86355
86348
86342
86319
86317
86311
86309
86305
86290
86287
86281
86262
86248
86246
86229
86226
86207
86203
86187
86186
86181
86179
86175
86160
86150
86149
86128
86117
86089
86087
86083
86072
86034
86021
86002
86000
85991
85989
85967
85960
85941
85917
85915
85912
85906
85894
85883
85870
85861
85852
85837
85824
85821
85813
85809
85798
85782
85775
85765
85762
85761
85760
85738
85734
85718
85696
85685
85680
85679
85672
85671
85669
85650
85649
85618
85601
85575
85574
85555
85555
85554
85549
85546
85530
85529
85518
85515
85504
85489
85484
85477
85477
85473
85440
85440
85439
85435
85430
85411
85402
85378
85360
85356
85350
85349
85348
85335
85331
85312
85299
85273
85269
85266
85250
85238
85238
85225
85218
85209
85188
85183
85177
85177
85175
85164
85143
85126
85106
85104
85100
85083
85068
85060
85041
85033
85016
85005
85002
84995
84991
84988
84967
84965
84961
84954
84945
84930
84917
84861
84857
84854
84833
84827
84816
84806
84806
84799
84799
84774
84772
84753
84712
84711
84704
84693
84692
84687
84684
84680
84650
84648
84639
84639
84636
84626
84611
84606
84587
84576
84565
84542
84540
84508
84501
84496
84487
84485
84475
84475
84472
84456
84452
84449
84442
84419
84415
84411
84409
84404
84395
84387
84375
84372
84369
84362
84359
84348
84343
84342
84334
84334
84327
84282
84277
84265
84245
84242
84240
84218
84213
84209
84207
84205
84176
84174
84172
84168
84150
84122
84110
84093
84058
84041
84041
84031
84029
84015
84013
84011
84001
83973
83957
83951
83948
83941
83932
83928
83898
83895
83889
83870
83854
83850
83834
83830
83826
83823
83822
83807
83802
83801
83784
83773
83767
83758
83721
83701
83674
83661
83660
83646
83646
83639
83637
83634
83608
83605
83588
83583
83570
83536
83514
83514
83507
83503
83500
83457
83455
83453
83453
83446
83434
83434
83390
83382
83366
83363
83348
83341
83339
83336
83327
83323
83288
83281
83277
83275
83247
83240
83237
83212
83211
83188
83169
83158
83158
83137
83131
83116
83113
83098
83082
83076
83073
83057
83054
83041
83034
83027
83023
83015
83009
82987
82982
82979
82970
82969
82957
82933
82927
82923
82922
82922
82921
82915
82905
82904
82900
82887
82884
82882
82876
82856
82850
82847
82834
82832
82830
82830
82823
82823
82818
82817
82811
82806
82796
82792
82790
82781
82772
82762
82761
82759
82752
82751
82728
82708
82706
82699
82686
82682
82668
82664
82655
82639
82597
82592
82585
82576
82573
82537
82532
82531
82523
82521
82516
82508
82496
82463
82462
82451
82450
82447
82431
82426
82422
82419
82406
82402
82399
82387
82380
82378
82347
82340
82315
82315
82309
82290
82283
82265
82263
82245
82242
82242
82239
82233
82213
82202
82200
82191
82170
82157
82153
82151
82140
82140
82132
82132
82131
82116
82106
82087
82085
82084
82080
82044
82040
82035
82029
82029
82029
82011
82003
81975
81969
81966
81964
81929
81915
81909
81897
81885
81883
81882
81877
81876
81875
81865
81856
81856
81830
81828
81823
81821
81778
81761
81759
81751
81734
81732
81731
81724
81708
81689
81682
81681
81678
81676
81664
81647
81641
81640
81619
81614
81604
81604
81600
81581
81573
81571
81566
81558
81545
81541
81534
81533
81492
81486
81482
81478
81477
81464
81457
81455
81439
81438
81423
81419
81417
81410
81407
81393
81358
81356
81355
81350
81346
81332
81331
81324
81315
81310
81303
81297
81285
81277
81272
81251
81231
81225
81214
81198
81193
81176
81160
81158
81151
81128
81128
81113
81111
81103
81087
81040
81016
80997
80987
80983
80983
80981
80972
80959
80958
80950
80934
80921
80912
80907
80900
80888
80874
80846
80840
80838
80826
80822
80817
80798
80768
80764
80762
80758
80753
80742
80733
80731
80724
80713
80703
80698
80676
80665
80662
80656
80652
80633
80618
80616
80613
80604
80604
80596
80574
80569
80562
80534
80527
80524
80519
80516
80513
80494
80480
80463
80459
80442
80415
80415
80386
80384
80374
80370
80366
80363
80358
80355
80342
80306
80256
80254
80245
80220
80216
80214
80189
80188
80168
80168
80157
80150
80144
80143
80130
80123
80119
80082
80078
80052
80040
80022
80007
80001
79975
79973
79967
79967
79965
79955
79931
79927
79900
79879
79864
79863
79860
79856
79841
79802
79773
79751
79747
79732
79724
79715
79714
79709
79707
79691
79690
79679
79677
79663
79640
79635
79634
79622
79617
79617
79611
79605
79602
79601
79582
79575
79574
79567
79566
79535
79509
79506
79489
79465
79458
79443
79439
79434
79434
79416
79415
79373
79363
79361
79355
79349
79331
79324
79318
79314
79306
79300
79280
79279
79269
79251
79230
79219
79210
79209
79190
79172
79144
79139
79125
79107
79103
79087
79081
79050
79042
79039
79013
79005
78973
78965
78939
78930
78927
78911
78909
78902
78893
78887
78885
78884
78878
78869
78865
78845
78823
78821
78807
78787
78783
78757
78747
78745
78735
78723
78719
78713
78701
78693
78692
78690
78689
78679
78670
78661
78647
78627
78608
78592
78590
78557
78553
78544
78511
78506
78502
78501
78491
78487
78457
78435
78392
78389
78386
78385
78374
78352
78352
78331
78315
78307
78283
78273
78259
78257
78257
78249
78236
78224
78187
78182
78180
78172
78165
78156
78141
78124
78116
78109
78108
78104
78098
78087
78082
78071
78068
78045
78044
78037
78024
78017
78002
77999
77994
77992
77991
77988
77982
77965
77963
77951
77944
77932
77929
77929
77928
77923
77919
77918
77902
77860
77858
77840
77831
77831
77825
77816
77806
77800
77789
77767
77764
77761
77744
77735
77705
77687
77685
77677
77676
77655
77644
77603
77598
77580
77568
77529
77528
77511
77500
77456
77452
77442
77426
77421
77408
77404
77399
77384
77365
77355
77352
77345
77304
77303
77275
77275
77264
77256
77252
77251
77222
77213
77204
77202
77198
77195
77164
77162
77161
77157
77151
77132
77127
77126
77117
77108
77084
77056
77052
77052
77047
77044
77035
77014
77013
77000
76994
76952
76951
76943
76939
76938
76925
76917
76903
76891
76889
76888
76882
76881
76858
76856
76855
76847
76834
76830
76827
76815
76795
76789
76786
76779
76747
76744
76739
76735
76733
76696
76692
76669
76663
76649
76637
76620
76616
76613
76611
76608
76602
76600
76592
76572
76571
76567
76549
76530
76526
76524
76502
76500
76496
76491
76475
76472
76467
76466
76461
76453
76447
76444
76429
76403
76397
76384
76379
76372
76348
76345
76337
76327
76323
76315
76263
76258
76224
76217
76192
76180
76177
76167
76156
76140
76127
76112
76107
76099
76084
76084
76068
76055
76023
76007
75995
75979
75962
75957
75957
75952
75950
75945
75945
75939
75938
75933
75930
75924
75921
75921
75920
75837
75833
75832
75814
75791
75785
75758
75757
75740
75726
75721
75719
75715
75711
75698
75692
75686
75675
75672
75661
75659
75644
75639
75637
75633
75616
75609
75605
75568
75567
75566
75564
75554
75553
75540
75528
75510
75498
75480
75464
75458
75423
75407
75403
75396
75382
75372
75370
75350
75343
75321
75316
75309
75306
75303
75287
75258
75247
75231
75223
75213
75166
75141
75131
75120
75117
75102
75089
75088
75085
75063
75045
75042
75014
75003
75000
74987
74941
74940
74934
74922
74915
74909
74902
74894
74892
74889
74868
74842
74832
74831
74827
74824
74789
74786
74786
74747
74746
74742
74734
74733
74722
74722
74707
74694
74683
74681
74668
74666
74643
74626
74624
74614
74603
74601
74588
74585
74566
74545
74542
74533
74529
74520
74496
74494
74477
74470
74431
74430
74429
74404
74401
74395
74393
74388
74372
74357
74351
74339
74329
74329
74320
74304
74297
74297
74296
74292
74283
74273
74265
74265
74235
74235
74220
74206
74203
74202
74197
74187
74182
74182
74176
74160
74148
74146
74132
74125
74118
74118
74114
74106
74105
74094
74080
74072
74064
74055
74026
74019
74016
74007
74006
74000
74000
73981
73980
73978
73946
73932
73910
73885
73883
73881
73854
73853
73847
73846
73834
73831
73830
73827
73824
73821
73819
73813
73811
73795
73792
73790
73779
73776
73758
73750
73749
73739
73724
73719
73707
73669
73661
73634
73617
73609
73608
73607
73596
73572
73572
73570
73544
73529
73528
73501
73497
73492
73453
73437
73435
73422
73416
73405
73403
73402
73387
73382
73356
73349
73345
73340
73332
73323
73322
73321
73313
73307
73300
73290
73286
73276
73271
73265
73235
73231
73223
73214
73213
73205
73199
73188
73181
73177
73173
73168
73156
73137
73134
73123
73121
73113
73105
73100
73095
73088
73087
73077
73071
73062
73046
73021
73021
73012
73012
73009
73007
73005
73005
72999
72982
72958
72956
72955
72954
72948
72913
72909
72897
72887
72875
72874
72839
72834
72816
72815
72809
72799
72797
72790
72780
72779
72757
72756
72735
72731
72711
72700
72698
72685
72673
72664
72657
72653
72652
72636
72635
72616
72589
72589
72582
72577
72571
72565
72565
72560
72541
72540
72539
72517
72514
72506
72501
72490
72473
72471
72433
72400
72389
72383
72381
72367
72363
72362
72358
72352
72341
72337
72336
72331
72329
72321
72309
72301
72287
72265
72264
72237
72233
72221
72220
72216
72199
72197
72188
72184
72177
72173
72173
72170
72170
72141
72130
72128
72128
72119
72105
72081
72074
72059
72033
72013
71995
71993
71984
71975
71968
71968
71963
71960
71957
71957
71943
71930
71926
71889
71885
71879
71873
71872
71871
71867
71841
71839
71823
71820
71817
71811
71806
71805
71797
71787
71785
71770
71752
71744
71723
71713
71705
71696
71686
71675
71662
71637
71631
71630
71621
71600
71592
71587
71585
71563
71563
71559
71543
71529
71526
71514
71505
71500
71498
71494
71476
71474
71473
71470
71470
71469
71467
71441
71441
71435
71426
71421
71418
71410
71409
71406
71404
71400
71391
71391
71387
71386
71382
71375
71354
71338
71333
71330
71312
71293
71290
71287
71281
71276
71275
71272
71268
71222
71201
71192
71185
71183
71182
71173
71152
71133
71116
71092
71091
71076
71063
71062
71058
71051
71040
71039
71036
71034
71017
71005
71003
70999
70993
70967
70966
70950
70949
70931
70919
70862
70858
70857
70846
70785
70775
70767
70751
70744
70723
70717
70711
70703
70700
70687
70655
70641
70613
70598
70581
70574
70553
70544
70542
70527
70526
70520
70505
70496
70492
70478
70473
70442
70441
70438
70428
70409
70402
70396
70395
70374
70366
70363
70355
70354
70345
70341
70325
70308
70303
70292
70277
70273
70266
70259
70258
70253
70233
70227
70217
70212
70176
70165
70160
70149
70141
70137
70116
70107
70100
70099
70082
70076
70068
70067
70066
70044
70036
70027
70008
70005
69992
69974
69971
69964
69954
69950
69935
69930
69929
69925
69921
69911
69898
69885
69863
69853
69841
69833
69827
69823
69805
69786
69773
69767
69763
69756
69741
69738
69725
69721
69697
69690
69686
69670
69670
69669
69666
69652
69642
69637
69621
69609
69607
69596
69591
69576
69554
69553
69534
69527
69526
69521
69517
69516
69512
69509
69477
69450
69448
69428
69423
69417
69393
69391
69388
69365
69365
69364
69363
69352
69347
69347
69332
69329
69307
69306
69303
69296
69272
69271
69267
69265
69205
69197
69193
69187
69187
69145
69145
69144
69130
69111
69106
69104
69092
69087
69086
69078
69059
69058
69048
69041
69033
69007
69001
68990
68966
68933
68927
68921
68918
68913
68900
68876
68875
68852
68847
68843
68832
68832
68828
68806
68802
68800
68777
68775
68774
68773
68768
68761
68744
68738
68738
68737
68732
68706
68703
68697
68693
68691
68644
68636
68633
68633
68630
68622
68619
68610
68604
68596
68587
68580
68577
68575
68574
68572
68560
68556
68547
68543
68534
68514
68503
68466
68452
68450
68446
68432
68426
68422
68414
68371
68366
68360
68350
68349
68330
68329
68317
68316
68311
68310
68292
68286
68276
68258
68255
68252
68234
68232
68232
68231
68211
68194
68148
68144
68138
68130
68126
68119
68101
68098
68092
68085
68070
68059
68053
68000
68000
67984
67982
67973
67970
67963
67957
67894
67881
67878
67871
67862
67857
67840
67840
67831
67814
67801
67783
67780
67726
67723
67698
67694
67689
67688
67677
67668
67651
67640
67639
67629
67622
67619
67611
67599
67593
67587
67587
67583
67574
67573
67572
67570
67564
67564
67550
67543
67536
67533
67533
67533
67524
67521
67519
67517
67503
67466
67458
67455
67453
67446
67438
67416
67399
67394
67389
67383
67378
67376
67374
67359
67356
67281
67276
67275
67275
67263
67239
67239
67238
67237
67237
67219
67207
67197
67193
67193
67184
67174
67169
67165
67156
67152
67150
67131
67113
67105
67099
67098
67086
67074
67061
67041
67038
67036
67030
67029
67007
67006
66972
66951
66945
66940
66929
66927
66923
66916
66914
66913
66900
66877
66839
66832
66818
66802
66799
66781
66774
66772
66762
66739
66735
66732
66725
66725
66711
66704
66702
66700
66696
66694
66682
66680
66678
66678
66674
66659
66647
66626
66589
66584
66581
66530
66530
66518
66516
66505
66476
66466
66447
66433
66425
66412
66391
66390
66387
66378
66335
66318
66308
66285
66259
66259
66248
66246
66245
66241
66227
66227
66225
66209
66204
66204
66199
66189
66144
66135
66129
66044
66041
66039
66038
66035
66034
66018
66014
66000
65995
65990
65978
65949
65921
65910
65899
65898
65871
65862
65852
65848
65836
65823
65814
65813
65797
65794
65789
65781
65779
65778
65767
65757
65750
65748
65739
65739
65736
65723
65691
65688
65670
65669
65653
65650
65644
65614
65611
65602
65588
65566
65553
65532
65527
65521
65520
65510
65507
65483
65480
65480
65434
65404
65401
65396
65394
65391
65382
65353
65342
65332
65318
65300
65291
65282
65271
65262
65231
65228
65221
65204
65187
65177
65138
65125
65109
65093
65091
65039
65025
65017
65015
65010
64998
64997
64996
64980
64974
64946
64946
64943
64943
64943
64938
64925
64916
64914
64903
64900
64895
64890
64886
64877
64876
64874
64861
64850
64843
64838
64823
64757
64754
64751
64728
64723
64722
64715
64705
64682
64674
64662
64659
64643
64639
64632
64626
64626
64601
64600
64567
64554
64552
64539
64521
64517
64495
64488
64482
64481
64441
64430
64430
64424
64400
64397
64376
64373
64364
64358
64347
64326
64319
64305
64304
64294
64288
64280
64278
64260
64254
64254
64229
64225
64222
64215
64201
64199
64181
64170
64169
64162
64155
64150
64148
64137
64121
64082
64082
64057
64054
64045
64024
64011
64008
64002
63997
63992
63988
63986
63934
63931
63921
63917
63917
63914
63908
63891
63843
63825
63816
63766
63756
63746
63737
63737
63737
63727
63719
63712
63708
63689
63679
63672
63661
63635
63626
63624
63623
63614
63610
63608
63598
63590
63587
63585
63577
63575
63575
63571
63560
63533
63522
63515
63496
63492
63488
63475
63462
63458
63456
63451
63418
63412
63397
63393
63384
63381
63367
63366
63357
63340
63336
63334
63330
63329
63319
63308
63277
63265
63258
63239
63239
63238
63191
63187
63139
63135
63130
63109
63103
63101
63101
63088
63072
63059
63058
63018
63015
63005
62997
62988
62970
62965
62918
62907
62897
62867
62862
62857
62851
62824
62821
62801
62784
62772
62764
62760
62746
62719
62713
62706
62702
62690
62666
62661
62656
62596
62528
62512
62507
62494
62486
62484
62455
62438
62430
62405
62354
62345
62335
62326
62321
62310
62305
62298
62296
62266
62257
62243
62232
62218
62196
62181
62177
62171
62167
62151
62140
62135
62128
62128
62113
62106
62090
62079
62073
62072
62056
62052
62051
62051
62037
62036
62026
62001
61995
61987
61982
61958
61957
61944
61939
61935
61916
61893
61893
61892
61884
61883
61877
61862
61856
61838
61822
61807
61803
61801
61800
61794
61788
61781
61774
61771
61752
61748
61748
61729
61725
61702
61695
61683
61659
61626
61618
61612
61605
61602
61593
61587
61561
61560
61553
61553
61553
61547
61542
61538
61525
61523
61523
61522
61498
61497
61497
61490
61487
61481
61477
61470
61444
61443
61440
61437
61435
61424
61420
61415
61410
61390
61388
61386
61362
61325
61319
61314
61306
61302
61301
61298
61297
61291
61285
61284
61281
61280
61268
61258
61258
61244
61232
61230
61218
61207
61192
61189
61174
61173
61164
61132
61129
61089
61068
61033
61022
60994
60994
60982
60962
60958
60902
60902
60901
60893
60886
60883
60857
60822
60791
60783
60777
60776
60756
60726
60691
60690
60684
60665
60664
60651
60635
60626
60620
60607
60604
60600
60600
60592
60586
60583
60576
60576
60567
60546
60543
60535
60481
60477
60469
60454
60448
60441
60437
60433
60430
60427
60422
60422
60422
60405
60403
60401
60398
60393
60372
60361
60350
60335
60334
60325
60324
60323
60301
60296
60289
60261
60251
60242
60241
60239
60225
60214
60202
60187
60174
60169
60155
60154
60154
60152
60133
60112
60112
60108
60090
60081
60075
60072
60058
60048
60023
60018
60003
59988
59970
59968
59945
59942
59928
59917
59914
59913
59913
59899
59893
59877
59874
59861
59859
59829
59827
59824
59823
59822
59815
59807
59790
59775
59755
59742
59740
59723
59723
59718
59710
59680
59663
59638
59627
59625
59610
59606
59597
59592
59578
59573
59561
59554
59549
59549
59506
59498
59489
59481
59454
59435
59385
59379
59365
59341
59338
59329
59310
59302
59301
59299
59297
59291
59286
59285
59281
59278
59269
59265
59261
59254
59249
59246
59226
59219
59201
59198
59190
59189
59185
59180
59179
59178
59169
59159
59158
59155
59149
59129
59111
59086
59071
59062
59054
59046
59039
59028
59027
58999
58992
58983
58952
58951
58949
58945
58916
58910
58876
58876
58875
58869
58861
58847
58822
58792
58790
58788
58784
58778
58775
58758
58750
58734
58726
58726
58724
58721
58719
58719
58709
58688
58687
58684
58683
58665
58665
58655
58642
58638
58633
58633
58630
58606
58605
58578
58575
58572
58571
58569
58569
58563
58558
58550
58543
58542
58540
58512
58504
58502
58488
58477
58475
58450
58442
58438
58436
58425
58392
58392
58387
58382
58382
58380
58370
58367
58367
58359
58351
58343
58309
58296
58283
58281
58269
58263
58255
58254
58251
58251
58238
58224
58191
58189
58170
58161
58159
58159
58156
58153
58127
58119
58106
58103
58095
58055
58051
58034
58030
58025
58023
58022
58014
58012
57999
57972
57968
57951
57924
57916
57896
57892
57890
57890
57877
57876
57847
57835
57834
57815
57756
57707
57697
57683
57645
57635
57634
57633
57627
57626
57621
57616
57615
57603
57589
57576
57560
57551
57523
57521
57516
57514
57495
57491
57479
57472
57467
57459
57452
57447
57426
57390
57386
57379
57367
57356
57351
57347
57344
57334
57318
57317
57309
57299
57298
57297
57295
57293
57277
57276
57272
57263
57253
57242
57232
57195
57193
57166
57156
57150
57149
57148
57124
57119
57112
57111
57108
57082
57079
57073
57057
57040
57037
57026
57026
57025
56990
56983
56982
56970
56966
56966
56963
56954
56943
56942
56898
56883
56878
56877
56875
56874
56859
56858
56829
56827
56816
56802
56796
56788
56781
56771
56767
56766
56757
56754
56746
56728
56722
56711
56699
56673
56669
56663
56662
56642
56641
56630
56623
56606
56595
56588
56586
56582
56579
56568
56568
56555
56553
56545
56525
56510
56509
56509
56493
56470
56467
56448
56425
56422
56419
56416
56409
56408
56397
56396
56370
56346
56341
56340
56337
56335
56317
56308
56300
56293
56249
56248
56242
56234
56234
56210
56126
56115
56094
56069
56057
56007
56005
55993
55980
55964
55962
55958
55957
55956
55938
55937
55923
55905
55893
55887
55865
55863
55863
55861
55846
55834
55829
55826
55809
55803
55802
55801
55800
55787
55769
55765
55760
55752
55740
55732
55724
55723
55714
55714
55708
55701
55697
55694
55685
55679
55675
55652
55645
55645
55636
55634
55633
55631
55623
55599
55587
55582
55573
55570
55569
55564
55561
55534
55534
55533
55527
55523
55514
55498
55493
55474
55474
55463
55459
55446
55446
55442
55437
55437
55403
55392
55389
55381
55374
55348
55347
55347
55338
55317
55307
55299
55296
55293
55275
55260
55259
55251
55244
55242
55242
55240
55227
55220
55209
55197
55196
55155
55130
55123
55092
55090
55062
55056
55052
55034
55007
54998
54992
54991
54989
54983
54980
54951
54946
54936
54935
54921
54917
54898
54889
54867
54864
54853
54852
54814
54806
54803
54796
54792
54786
54761
54758
54750
54742
54686
54644
54631
54628
54625
54611
54608
54585
54580
54541
54536
54522
54507
54501
54494
54490
54482
54477
54466
54460
54458
54454
54453
54451
54448
54444
54434
54416
54415
54408
54406
54398
54398
54397
54371
54366
54349
54335
54330
54327
54325
54321
54309
54306
54305
54305
54281
54277
54271
54259
54245
54236
54234
54234
54234
54224
54217
54210
54174
54137
54134
54127
54094
54093
54078
54075
54063
54055
54019
54007
53996
53976
53965
53960
53953
53952
53938
53938
53929
53923
53911
53903
53896
53894
53876
53869
53863
53854
53853
53848
53840
53825
53820
53792
53781
53770
53768
53766
53762
53759
53736
53723
53710
53696
53662
53649
53635
53631
53630
53625
53621
53618
53591
53590
53588
53580
53541
53537
53534
53534
53530
53529
53511
53503
53502
53489
53481
53472
53466
53464
53446
53432
53431
53428
53413
53408
53394
53390
53388
53385
53379
53374
53349
53343
53336
53329
53324
53285
53282
53271
53249
53228
53228
53210
53157
53157
53157
53156
53141
53137
53123
53101
53095
53094
53083
53000
52983
52959
52953
52952
52915
52913
52908
52907
52900
52893
52892
52891
52874
52872
52843
52833
52830
52826
52824
52813
52805
52805
52803
52760
52747
52745
52671
52655
52649
52647
52633
52617
52614
52614
52609
52609
52608
52608
52606
52583
52568
52548
52547
52547
52526
52497
52493
52484
52481
52469
52440
52434
52434
52425
52417
52413
52404
52396
52369
52355
52342
52333
52320
52313
52290
52285
52284
52281
52281
52278
52276
52245
52222
52210
52188
52187
52171
52167
52166
52158
52128
52118
52114
52082
52062
52059
52058
52048
52039
52038
52033
52026
52020
51994
51992
51989
51988
51954
51931
51919
51913
51910
51901
51890
51880
51875
51864
51860
51851
51844
51832
51824
51808
51790
51780
51768
51758
51757
51748
51741
51717
51697
51686
51683
51676
51655
51637
51605
51599
51579
51578
51572
51558
51554
51551
51541
51536
51533
51509
51505
51495
51490
51459
51450
51437
51431
51430
51429
51421
51418
51414
51409
51390
51389
51372
51368
51363
51340
51313
51287
51279
51261
51243
51202
51196
51188
51183
51176
51176
51159
51153
51151
51149
51148
51145
51141
51140
51118
51117
51115
51106
51102
51093
51084
51075
51068
51062
51049
51037
51033
51023
50988
50973
50955
50950
50946
50939
50936
50932
50931
50926
50915
50912
50912
50898
50881
50865
50859
50858
50858
50851
50841
50840
50830
50826
50799
50790
50786
50747
50728
50727
50717
50697
50691
50685
50674
50659
50648
50647
50646
50644
50642
50641
50639
50595
50591
50557
50512
50491
50487
50470
50468
50464
50435
50399
50386
50357
50349
50348
50337
50313
50304
50286
50278
50267
50248
50229
50228
50210
50207
50178
50159
50156
50150
50146
50137
50136
50133
50122
50113
50097
50096
50084
50073
50059
50058
50021
50009
50006
49992
49992
49986
49973
49939
49933
49930
49920
49878
49878
49877
49868
49863
49859
49856
49856
49827
49822
49821
49807
49797
49781
49773
49764
49755
49734
49732
49725
49722
49717
49716
49707
49702
49688
49688
49667
49654
49652
49642
49627
49595
49575
49567
49558
49541
49536
49519
49515
49514
49491
49489
49486
49476
49473
49470
49462
49446
49439
49439
49431
49425
49409
49405
49390
49390
49381
49363
49361
49354
49348
49318
49307
49273
49267
49260
49258
49241
49215
49197
49186
49181
49177
49176
49173
49155
49135
49127
49121
49100
49085
49072
49032
49022
49010
49010
48994
48993
48978
48970
48950
48944
48928
48923
48922
48889
48886
48885
48872
48848
48830
48800
48798
48791
48780
48771
48761
48758
48744
48735
48730
48728
48720
48713
48694
48678
48675
48667
48653
48637
48625
48619
48609
48578
48577
48573
48567
48564
48553
48532
48523
48516
48515
48513
48501
48489
48480
48471
48471
48468
48457
48440
48413
48406
48406
48365
48361
48329
48322
48322
48310
48293
48271
48268
48258
48258
48247
48239
48215
48200
48189
48179
48173
48166
48165
48130
48118
48117
48115
48109
48103
48096
48086
48073
48038
48033
48021
48005
48005
48001
47986
47953
47932
47928
47920
47920
47890
47876
47875
47838
47824
47822
47821
47816
47810
47809
47794
47793
47793
47789
47783
47774
47766
47742
47739
47736
47733
47729
47718
47715
47707
47684
47682
47676
47651
47647
47645
47619
47612
47603
47597
47596
47573
47564
47551
47516
47485
47458
47456
47440
47440
47413
47403
47382
47379
47365
47361
47357
47352
47287
47276
47258
47257
47225
47213
47212
47203
47201
47191
47176
47173
47170
47154
47129
47115
47111
47108
47102
47102
47077
47064
47060
47047
47044
47043
47022
47020
47004
46986
46979
46969
46951
46949
46928
46911
46907
46907
46900
46882
46877
46867
46864
46846
46832
46829
46824
46821
46818
46816
46810
46785
46760
46756
46756
46741
46740
46726
46720
46707
46705
46696
46694
46684
46679
46666
46665
46664
46651
46634
46623
46622
46614
46612
46600
46597
46593
46579
46576
46569
46565
46553
46549
46539
46535
46511
46510
46510
46508
46501
46500
46492
46489
46487
46483
46467
46452
46423
46419
46406
46405
46384
46380
46368
46360
46348
46322
46321
46300
46300
46286
46281
46259
46250
46239
46234
46218
46208
46195
46170
46162
46160
46129
46121
46111
46094
46086
46085
46077
46056
46053
46044
46043
46024
46021
46016
46014
46011
45990
45982
45978
45971
45971
45957
45945
45936
45934
45914
45891
45877
45866
45863
45861
45860
45846
45835
45827
45818
45812
45806
45799
45797
45786
45785
45778
45746
45720
45708
45702
45675
45660
45653
45645
45634
45632
45594
45589
45580
45580
45578
45570
45563
45526
45526
45520
45505
45495
45460
45457
45437
45437
45389
45376
45366
45360
45358
45345
45336
45293
45290
45289
45285
45284
45274
45266
45258
45223
45218
45191
45190
45177
45171
45161
45158
45150
45116
45110
45096
45077
45064
45031
45027
45023
45018
44984
44959
44938
44912
44909
44906
44901
44897
44894
44869
44859
44840
44824
44823
44822
44800
44796
44796
44790
44785
44782
44778
44771
44758
44734
44730
44718
44715
44706
44704
44693
44691
44679
44678
44658
44649
44647
44644
44628
44600
44596
44596
44573
44567
44544
44537
44523
44519
44519
44518
44505
44492
44477
44464
44461
44460
44436
44430
44424
44412
44394
44381
44366
44356
44349
44345
44345
44339
44337
44325
44316
44308
44282
44272
44267
44262
44251
44239
44235
44226
44220
44215
44212
44208
44190
44186
44171
44154
44132
44124
44123
44123
44101
44091
44091
44077
44052
44051
44048
44042
44040
44017
44017
44015
44010
43995
43988
43987
43982
43977
43967
43962
43955
43954
43949
43938
43937
43936
43922
43909
43899
43895
43877
43868
43860
43856
43854
43841
43837
43837
43832
43819
43815
43807
43803
43760
43752
43747
43739
43733
43730
43720
43717
43707
43678
43673
43668
43668
43657
43655
43652
43651
43644
43642
43617
43611
43611
43609
43603
43587
43584
43515
43503
43493
43492
43464
43459
43436
43422
43411
43411
43383
43378
43374
43363
43361
43354
43354
43353
43347
43347
43344
43342
43310
43293
43286
43282
43278
43271
43239
43215
43212
43209
43189
43188
43183
43176
43172
43171
43164
43136
43134
43126
43119
43097
43074
43064
43057
43036
43023
43012
43003
42997
42985
42978
42965
42962
42935
42932
42920
42898
42885
42875
42867
42863
42857
42845
42789
42780
42767
42766
42755
42751
42745
42744
42720
42718
42713
42706
42701
42696
42691
42680
42656
42655
42647
42642
42637
42629
42617
42614
42606
42602
42592
42580
42558
42547
42544
42525
42518
42517
42510
42509
42502
42496
42493
42478
42458
42456
42451
42437
42435
42398
42393
42382
42382
42359
42339
42338
42332
42321
42311
42307
42307
42305
42303
42289
42279
42268
42238
42225
42214
42181
42170
42162
42159
42126
42120
42113
42099
42091
42086
42062
42029
42026
42015
42003
41991
41964
41951
41942
41921
41893
41882
41882
41881
41870
41870
41869
41868
41851
41842
41841
41841
41839
41839
41836
41833
41825
41817
41816
41801
41797
41791
41767
41755
41753
41750
41741
41727
41717
41710
41710
41698
41696
41657
41643
41633
41630
41628
41628
41583
41575
41562
41559
41557
41553
41550
41543
41533
41510
41504
41503
41503
41498
41485
41479
41467
41463
41463
41443
41427
41427
41423
41416
41404
41394
41379
41337
41337
41321
41317
41312
41302
41299
41269
41262
41253
41238
41230
41227
41225
41197
41183
41169
41156
41147
41145
41138
41135
41135
41129
41125
41080
41068
41063
41051
41039
41024
41003
40993
40972
40968
40962
40939
40936
40928
40928
40926
40926
40917
40913
40885
40873
40866
40863
40862
40862
40858
40844
40837
40823
40812
40809
40809
40806
40806
40796
40788
40778
40773
40762
40755
40745
40739
40723
40690
40652
40627
40614
40611
40590
40587
40582
40580
40577
40559
40554
40544
40529
40527
40525
40520
40513
40501
40491
40477
40458
40433
40427
40405
40396
40357
40344
40301
40300
40288
40283
40280
40275
40273
40245
40238
40236
40235
40234
40232
40162
40158
40144
40118
40118
40101
40098
40090
40083
40083
40076
40076
40070
40053
40034
40006
39962
39960
39950
39948
39922
39908
39907
39898
39874
39861
39855
39842
39829
39828
39821
39815
39777
39774
39773
39765
39745
39742
39738
39735
39703
39695
39693
39684
39681
39670
39659
39654
39650
39645
39644
39644
39632
39614
39596
39582
39552
39550
39545
39542
39533
39525
39520
39516
39491
39490
39463
39455
39454
39443
39434
39432
39396
39391
39389
39378
39365
39343
39314
39308
39308
39303
39300
39294
39287
39278
39278
39278
39274
39273
39271
39269
39268
39261
39253
39229
39219
39210
39202
39196
39180
39177
39176
39163
39149
39140
39132
39126
39113
39105
39100
39097
39086
39076
39049
39013
39010
38991
38983
38979
38969
38966
38964
38961
38952
38951
38923
38904
38904
38891
38885
38825
38812
38806
38792
38791
38789
38783
38783
38776
38773
38771
38769
38767
38766
38756
38711
38697
38697
38690
38689
38684
38682
38679
38670
38659
38658
38643
38641
38634
38622
38609
38605
38568
38553
38546
38504
38504
38491
38488
38476
38470
38460
38458
38457
38450
38446
38445
38434
38432
38424
38414
38411
38407
38397
38393
38360
38354
38305
38299
38252
38231
38216
38212
38209
38196
38194
38190
38169
38163
38146
38145
38133
38126
38121
38108
38096
38081
38071
38070
38043
38027
38005
38003
38001
38000
37995
37991
37986
37976
37972
37972
37945
37896
37879
37870
37864
37840
37829
37821
37813
37805
37803
37795
37785
37773
37771
37771
37754
37750
37743
37740
37725
37718
37711
37701
37700
37685
37684
37681
37668
37655
37655
37638
37636
37625
37624
37618
37618
37587
37574
37561
37546
37541
37540
37534
37531
37527
37521
37494
37491
37458
37454
37451
37438
37429
37423
37419
37409
37397
37378
37374
37361
37339
37318
37307
37282
37279
37257
37257
37256
37236
37226
37209
37208
37178
37171
37165
37162
37140
37127
37123
37115
37114
37113
37092
37086
37084
37083
37083
37045
37045
37037
37027
37020
37015
36999
36980
36979
36979
36965
36944
36942
36935
36929
36926
36922
36920
36918
36917
36916
36915
36887
36884
36882
36851
36842
36840
36840
36834
36826
36826
36825
36819
36779
36766
36763
36761
36742
36729
36716
36705
36700
36695
36687
36685
36676
36640
36637
36595
36588
36584
36584
36581
36571
36567
36564
36562
36545
36519
36503
36482
36469
36449
36435
36424
36420
36396
36384
36368
36364
36364
36340
36326
36325
36320
36303
36299
36296
36293
36283
36282
36281
36279
36264
36262
36253
36246
36239
36231
36224
36221
36218
36212
36212
36206
36204
36200
36159
36156
36155
36121
36119
36110
36105
36098
36094
36081
36062
36047
36036
36029
36024
36023
36018
36017
36006
36005
35987
35976
35965
35955
35949
35940
35924
35913
35906
35900
35881
35875
35847
35813
35809
35796
35796
35777
35760
35746
35746
35720
35716
35713
35709
35702
35691
35668
35665
35659
35649
35631
35610
35609
35594
35593
35582
35579
35575
35568
35565
35544
35535
35532
35523
35510
35508
35502
35497
35477
35471
35465
35439
35434
35424
35421
35417
35407
35404
35403
35398
35385
35376
35373
35370
35364
35353
35352
35335
35294
35292
35288
35256
35232
35219
35209
35196
35192
35183
35180
35179
35178
35168
35152
35142
35139
35124
35086
35083
35082
35081
35063
35052
35044
35013
35011
34999
34992
34987
34977
34970
34962
34954
34941
34934
34926
34925
34904
34893
34891
34886
34881
34873
34870
34829
34804
34787
34784
34773
34750
34741
34730
34724
34719
34684
34684
34681
34679
34636
34634
34631
34625
34610
34592
34589
34565
34556
34549
34533
34529
34526
34499
34497
34480
34474
34474
34456
34446
34442
34437
34436
34435
34414
34408
34404
34400
34397
34396
34380
34372
34362
34360
34360
34335
34326
34324
34296
34291
34288
34285
34270
34268
34268
34260
34254
34254
34239
34226
34208
34207
34203
34179
34179
34176
34152
34148
34145
34130
34128
34125
34116
34111
34110
34107
34095
34095
34094
34086
34072
34055
34044
34041
34008
34001
33957
33934
33934
33915
33911
33909
33893
33890
33879
33870
33859
33855
33845
33841
33840
33836
33830
33827
33818
33792
33788
33770
33768
33766
33737
33727
33720
33706
33694
33688
33676
33675
33673
33633
33621
33615
33606
33604
33601
33585
33561
33559
33544
33541
33539
33537
33536
33533
33528
33525
33502
33497
33481
33471
33462
33453
33450
33449
33422
33417
33416
33405
33386
33384
33375
33375
33374
33364
33357
33351
33336
33335
33324
33311
33311
33295
33282
33276
33269
33260
33252
33244
33231
33203
33198
33196
33170
33146
33139
33138
33125
33117
33111
33111
33110
33106
33105
33102
33091
33076
33074
33066
33037
33027
33026
33023
33017
32997
32992
32981
32971
32968
32965
32961
32952
32941
32940
32938
32912
32909
32877
32872
32868
32862
32854
32848
32846
32840
32837
32833
32825
32825
32803
32799
32797
32792
32761
32759
32754
32751
32726
32710
32703
32699
32695
32685
32678
32662
32654
32645
32629
32602
32589
32583
32581
32569
32551
32550
32528
32521
32507
32495
32489
32487
32483
32479
32428
32412
32411
32404
32402
32402
32395
32380
32379
32359
32353
32349
32342
32321
32307
32307
32306
32302
32298
32294
32292
32286
32276
32273
32269
32254
32248
32247
32223
32218
32211
32207
32207
32203
32198
32183
32182
32170
32167
32167
32160
32132
32128
32083
32062
32058
32028
32019
31989
31962
31960
31956
31954
31943
31936
31924
31915
31886
31881
31880
31878
31859
31849
31847
31843
31841
31834
31803
31795
31792
31792
31789
31776
31773
31768
31763
31754
31752
31730
31728
31700
31691
31691
31687
31670
31646
31642
31642
31636
31634
31627
31625
31585
31538
31538
31532
31522
31521
31514
31514
31501
31500
31500
31478
31468
31465
31453
31450
31446
31432
31406
31393
31366
31364
31360
31353
31350
31341
31335
31330
31316
31302
31296
31293
31279
31277
31275
31254
31250
31225
31218
31216
31213
31194
31183
31155
31132
31122
31117
31096
31079
31077
31070
31064
31011
31009
30980
30956
30951
30943
30905
30901
30890
30870
30854
30848
30832
30799
30789
30789
30766
30751
30751
30747
30741
30739
30734
30729
30725
30717
30714
30683
30682
30677
30671
30657
30653
30644
30640
30618
30608
30598
30590
30590
30583
30574
30566
30559
30557
30554
30540
30484
30483
30475
30472
30455
30444
30442
30431
30422
30400
30374
30374
30372
30356
30352
30342
30337
30327
30320
30311
30303
30299
30274
30270
30263
30263
30253
30249
30247
30247
30246
30244
30234
30219
30206
30204
30172
30170
30145
30144
30110
30108
30092
30092
30089
30060
30033
30032
30031
30028
30027
30006
30004
30003
29998
29992
29977
29973
29958
29957
29952
29939
29901
29885
29885
29883
29824
29791
29786
29781
29770
29763
29753
29751
29750
29750
29742
29737
29716
29712
29710
29696
29684
29667
29664
29660
29655
29655
29654
29637
29624
29604
29594
29588
29585
29584
29578
29555
29546
29546
29510
29503
29495
29485
29479
29472
29463
29440
29438
29433
29422
29418
29394
29394
29383
29367
29353
29352
29343
29331
29329
29328
29314
29306
29304
29303
29277
29247
29242
29241
29238
29231
29226
29222
29220
29188
29185
29175
29168
29165
29163
29154
29136
29131
29127
29125
29120
29108
29108
29104
29096
29083
29082
29081
29074
29070
29067
29066
29048
29004
28999
28981
28972
28969
28969
28960
28951
28931
28921
28921
28920
28908
28891
28873
28860
28845
28842
28833
28830
28822
28822
28812
28793
28787
28783
28783
28781
28780
28773
28770
28766
28763
28753
28699
28685
28673
28662
28662
28647
28634
28633
28628
28625
28604
28604
28592
28581
28581
28577
28571
28569
28564
28557
28543
28539
28538
28535
28505
28474
28470
28449
28447
28446
28439
28431
28428
28418
28413
28407
28399
28375
28375
28368
28339
28336
28329
28324
28318
28315
28311
28298
28297
28292
28286
28275
28271
28269
28241
28239
28234
28222
28222
28222
28218
28210
28204
28201
28170
28165
28163
28114
28113
28109
28099
28093
28061
28046
28040
28030
28017
28005
27993
27989
27981
27973
27945
27943
27941
27937
27928
27927
27919
27918
27914
27902
27899
27889
27884
27884
27864
27853
27844
27831
27831
27830
27825
27811
27802
27798
27768
27764
27726
27718
27687
27678
27670
27650
27644
27633
27606
27604
27601
27601
27597
27589
27571
27569
27567
27563
27559
27501
27497
27489
27485
27463
27463
27447
27436
27410
27399
27393
27387
27387
27382
27382
27378
27354
27351
27333
27330
27326
27307
27293
27252
27244
27243
27228
27212
27199
27194
27191
27189
27186
27177
27167
27159
27095
27085
27078
27078
27068
27065
27065
27049
27043
27039
27008
26999
26999
26950
26935
26931
26928
26918
26914
26903
26880
26878
26869
26862
26856
26843
26843
26829
26817
26808
26805
26794
26779
26776
26776
26774
26766
26745
26745
26743
26737
26731
26730
26720
26717
26715
26713
26695
26689
26657
26656
26656
26651
26649
26645
26636
26633
26626
26615
26592
26580
26574
26568
26567
26562
26555
26552
26535
26512
26499
26490
26489
26481
26470
26469
26461
26423
26403
26395
26391
26385
26384
26371
26353
26338
26329
26324
26319
26315
26312
26307
26294
26282
26271
26256
26218
26215
26211
26199
26189
26183
26163
26154
26144
26135
26130
26114
26105
26092
26090
26087
26083
26079
26068
26065
26058
26039
26039
26012
26001
25998
25994
25988
25981
25961
25954
25947
25942
25939
25921
25910
25899
25856
25850
25850
25850
25846
25844
25840
25837
25811
25787
25772
25770
25769
25730
25729
25722
25718
25716
25714
25705
25703
25702
25696
25682
25661
25660
25646
25645
25639
25596
25592
25588
25570
25552
25534
25519
25519
25507
25498
25497
25495
25488
25453
25450
25443
25439
25424
25418
25415
25410
25395
25395
25371
25366
25364
25361
25348
25322
25315
25300
25288
25279
25270
25261
25255
25245
25242
25235
25219
25212
25207
25205
25199
25196
25176
25169
25163
25160
25156
25145
25143
25129
25110
25110
25073
25061
25057
25044
25036
25030
25029
25015
25002
25002
24993
24992
24985
24980
24978
24975
24973
24959
24949
24948
24940
24939
24932
24926
24905
24878
24832
24818
24813
24782
24767
24738
24723
24719
24706
24697
24667
24660
24654
24652
24650
24647
24646
24641
24625
24622
24615
24614
24591
24584
24574
24559
24551
24549
24548
24541
24520
24514
24512
24504
24504
24500
24499
24495
24490
24489
24489
24489
24478
24478
24477
24467
24459
24453
24452
24438
24436
24420
24413
24409
24403
24398
24396
24389
24382
24382
24380
24379
24363
24351
24340
24339
24319
24318
24310
24302
24294
24281
24272
24263
24257
24239
24235
24215
24210
24202
24179
24135
24134
24120
24109
24105
24102
24088
24061
24040
24038
24037
24032
24028
24026
24007
23989
23972
23962
23955
23955
23952
23948
23936
23928
23907
23904
23891
23862
23829
23826
23826
23814
23796
23790
23785
23766
23766
23763
23760
23760
23759
23742
23721
23703
23676
23673
23657
23645
23619
23609
23600
23582
23568
23564
23548
23538
23527
23522
23514
23508
23489
23478
23467
23444
23443
23377
23367
23365
23352
23351
23326
23279
23263
23257
23246
23243
23226
23224
23216
23209
23206
23195
23184
23169
23161
23151
23146
23129
23093
23092
23091
23071
23070
23065
23046
23024
23021
23020
23014
23004
23003
23002
22974
22966
22965
22946
22944
22938
22922
22920
22903
22899
22855
22854
22848
22818
22812
22808
22805
22795
22783
22760
22745
22718
22711
22700
22696
22689
22679
22676
22669
22663
22654
22615
22614
22600
22597
22586
22577
22563
22549
22542
22531
22524
22521
22507
22489
22476
22474
22439
22433
22409
22407
22380
22373
22368
22360
22359
22335
22328
22320
22320
22317
22305
22304
22294
22290
22283
22280
22279
22272
22272
22265
22253
22250
22249
22246
22232
22230
22204
22197
22192
22160
22152
22152
22151
22143
22137
22134
22112
22108
22106
22086
22060
22055
22042
22039
22037
22022
22018
22004
22004
22000
21986
21972
21971
21960
21948
21948
21947
21941
21937
21935
21932
21929
21922
21916
21875
21870
21860
21847
21828
21789
21779
21774
21773
21752
21745
21745
21737
21736
21721
21704
21694
21693
21688
21686
21685
21682
21668
21665
21665
21648
21634
21627
21616
21611
21611
21602
21600
21584
21582
21578
21541
21539
21519
21514
21507
21505
21505
21496
21475
21465
21455
21452
21448
21441
21431
21391
21386
21373
21373
21369
21361
21332
21325
21311
21297
21290
21289
21276
21271
21264
21251
21246
21214
21209
21203
21202
21202
21202
21191
21173
21170
21139
21132
21118
21115
21068
21061
21058
21055
21044
21042
21027
21021
21015
21010
21005
21004
21002
20974
20965
20962
20956
20951
20948
20946
20943
20936
20904
20897
20897
20894
20874
20873
20871
20866
20852
20847
20844
20839
20836
20821
20821
20792
20762
20740
20712
20707
20695
20695
20693
20686
20659
20648
20630
20600
20584
20580
20576
20568
20536
20527
20515
20462
20458
20445
20438
20434
20417
20412
20396
20380
20374
20373
20353
20341
20332
20330
20308
20278
20261
20238
20213
20201
20198
20172
20167
20150
20149
20149
20144
20130
20127
20126
20106
20095
20092
20087
20065
20058
20056
20044
20039
20031
20029
20015
20010
19995
19994
19980
19957
19955
19946
19912
19911
19911
19894
19879
19877
19866
19850
19844
19836
19832
19826
19821
19820
19818
19811
19794
19771
19723
19723
19716
19697
19686
19680
19672
19649
19640
19639
19637
19600
19598
19597
19597
19593
19591
19554
19553
19553
19545
19542
19524
19518
19515
19498
19498
19490
19486
19485
19484
19476
19464
19448
19443
19422
19420
19411
19408
19401
19398
19397
19393
19383
19374
19365
19347
19345
19319
19297
19296
19294
19290
19275
19269
19262
19225
19198
19196
19192
19177
19177
19176
19162
19149
19148
19143
19120
19115
19112
19104
19103
19093
19091
19089
19085
19079
19076
19069
19067
19060
19057
19039
19027
19010
19009
19000
18999
18942
18938
18926
18911
18894
18885
18883
18881
18865
18863
18862
18861
18840
18830
18829
18795
18781
18780
18777
18762
18761
18747
18732
18702
18693
18656
18642
18633
18633
18620
18609
18606
18594
18591
18590
18589
18550
18537
18534
18518
18500
18490
18469
18462
18450
18441
18428
18415
18414
18410
18395
18389
18379
18373
18371
18351
18349
18325
18324
18303
18301
18281
18276
18275
18261
18235
18229
18224
18210
18192
18186
18178
18178
18178
18149
18148
18139
18097
18092
18087
18086
18084
18078
18049
18043
18037
18019
18000
17992
17991
17989
17978
17976
17970
17918
17915
17901
17900
17899
17897
17893
17883
17877
17870
17867
17861
17852
17852
17849
17848
17840
17831
17831
17826
17814
17811
17810
17795
17795
17786
17777
17771
17764
17762
17721
17711
17694
17686
17684
17678
17635
17627
17589
17582
17582
17580
17579
17572
17562
17538
17533
17533
17525
17520
17515
17506
17487
17478
17477
17467
17463
17461
17439
17434
17433
17425
17406
17391
17391
17364
17359
17358
17351
17332
17329
17328
17270
17268
17238
17237
17228
17221
17208
17208
17207
17192
17187
17180
17163
17148
17126
17118
17106
17103
17092
17092
17088
17085
17061
17031
17029
17027
17007
17003
16991
16987
16977
16965
16964
16926
16911
16901
16894
16892
16876
16860
16858
16848
16834
16831
16815
16805
16799
16772
16766
16745
16731
16723
16712
16711
16711
16700
16678
16672
16667
16666
16650
16634
16628
16626
16624
16619
16617
16609
16602
16598
16590
16581
16578
16572
16562
16518
16513
16503
16483
16477
16477
16474
16458
16433
16426
16412
16411
16411
16400
16400
16386
16374
16368
16367
16347
16347
16330
16321
16315
16314
16312
16311
16307
16307
16296
16259
16202
16199
16185
16171
16162
16140
16127
16124
16119
16105
16104
16100
16100
16071
16039
16026
16024
16018
16003
16001
15995
15975
15966
15948
15932
15932
15926
15915
15906
15901
15891
15888
15884
15880
15873
15871
15834
15825
15814
15814
15808
15802
15792
15774
15759
15747
15712
15711
15702
15697
15695
15684
15675
15663
15662
15651
15644
15635
15627
15621
15612
15607
15585
15568
15550
15550
15533
15530
15513
15501
15489
15482
15474
15467
15446
15438
15406
15400
15399
15383
15364
15351
15346
15336
15332
15330
15321
15311
15307
15284
15269
15258
15244
15238
15229
15224
15221
15218
15207
15195
15191
15186
15183
15155
15154
15118
15101
15054
15053
15050
15046
15044
15043
15039
15035
15035
15033
15022
15016
15010
15000
14986
14980
14979
14966
14940
14934
14932
14929
14912
14912
14905
14892
14889
14882
14877
14868
14865
14863
14850
14843
14836
14827
14808
14807
14788
14781
14754
14743
14727
14693
14680
14673
14667
14620
14606
14601
14556
14550
14527
14527
14525
14508
14506
14503
14500
14490
14485
14482
14477
14469
14464
14464
14459
14457
14454
14451
14444
14437
14433
14431
14423
14402
14397
14388
14384
14378
14378
14378
14370
14369
14368
14364
14352
14352
14350
14348
14342
14318
14313
14291
14278
14262
14257
14256
14236
14217
14215
14213
14209
14197
14178
14171
14169
14156
14146
14146
14138
14126
14117
14103
14090
14074
14063
14050
14046
14042
14023
14018
14017
14010
14001
13960
13960
13957
13946
13944
13943
13941
13939
13930
13925
13923
13917
13912
13881
13877
13874
13874
13853
13784
13783
13774
13736
13728
13718
13716
13701
13694
13693
13683
13682
13665
13660
13659
13643
13639
13624
13618
13581
13561
13550
13543
13538
13526
13507
13503
13501
13497
13496
13479
13474
13472
13470
13469
13469
13460
13441
13434
13434
13425
13403
13390
13384
13373
13369
13358
13343
13338
13337
13315
13314
13311
13299
13278
13196
13192
13182
13178
13166
13159
13143
13140
13117
13114
13111
13109
13105
13099
13079
13064
13062
13055
13052
13033
13010
13009
13000
13000
12985
12982
12980
12967
12961
12938
12913
12899
12893
12881
12876
12875
12865
12850
12848
12846
12831
12826
12819
12815
12808
12806
12768
12761
12736
12708
12704
12693
12687
12677
12675
12662
12648
12647
12639
12633
12611
12594
12592
12582
12550
12543
12534
12522
12509
12504
12497
12484
12480
12478
12476
12459
12457
12445
12442
12419
12419
12415
12401
12396
12391
12391
12379
12371
12323
12317
12309
12307
12300
12281
12280
12280
12276
12242
12240
12225
12221
12212
12200
12179
12162
12139
12108
12102
12096
12084
12069
12067
12066
12052
12039
12007
12003
11999
11996
11975
11970
11958
11958
11945
11938
11934
11924
11912
11905
11885
11881
11878
11839
11831
11826
11812
11802
11800
11798
11779
11772
11769
11764
11753
11750
11745
11723
11719
11716
11716
11708
11697
11681
11677
11645
11640
11610
11603
11595
11594
11591
11579
11569
11556
11535
11533
11518
11514
11505
11499
11471
11467
11465
11456
11444
11441
11436
11435
11431
11423
11420
11419
11419
11391
11391
11388
11381
11380
11371
11352
11351
11346
11346
11345
11344
11334
11330
11321
11320
11309
11297
11256
11250
11248
11226
11218
11195
11188
11183
11182
11172
11159
11145
11133
11130
11126
11126
11116
11098
11078
11072
11055
11010
11010
11001
10998
10991
10976
10976
10972
10904
10904
10877
10871
10866
10860
10857
10857
10856
10851
10845
10833
10830
10795
10791
10777
10764
10741
10727
10722
10713
10710
10707
10706
10705
10675
10670
10669
10660
10650
10643
10641
10637
10625
10613
10605
10600
10544
10536
10519
10515
10506
10501
10483
10458
10446
10444
10430
10420
10407
10390
10345
10336
10325
10308
10294
10276
10261
10260
10257
10248
10233
10233
10228
10224
10222
10213
10213
10212
10212
10203
10185
10172
10161
10156
10152
10146
10136
10130
10115
10113
10110
10106
10099
10093
10089
10088
10074
10068
10063
10033
10006
9999
9996
9986
9975
9971
9969
9964
9962
9944
9936
9933
9928
9911
9897
9889
9886
9880
9875
9869
9867
9861
9861
9853
9845
9834
9827
9825
9813
9802
9802
9790
9790
9769
9762
9752
9749
9748
9747
9741
9735
9727
9708
9705
9697
9669
9669
9645
9642
9640
9614
9608
9605
9596
9579
9571
9563
9559
9542
9520
9511
9488
9486
9483
9473
9467
9460
9449
9446
9445
9416
9387
9381
9377
9375
9375
9356
9336
9329
9317
9312
9303
9294
9288
9280
9275
9249
9238
9230
9208
9197
9192
9169
9158
9156
9139
9125
9101
9095
9089
9086
9067
9062
9060
9060
9038
9030
9015
9014
9003
8991
8990
8988
8979
8959
8950
8927
8910
8893
8883
8874
8817
8804
8804
8762
8758
8752
8751
8747
8743
8739
8736
8724
8705
8701
8683
8677
8676
8654
8647
8645
8633
8632
8632
8624
8617
8585
8584
8574
8550
8548
8531
8531
8531
8510
8499
8498
8484
8471
8468
8463
8446
8443
8442
8442
8439
8428
8397
8395
8388
8384
8376
8372
8367
8360
8359
8342
8336
8314
8297
8286
8286
8231
8223
8219
8213
8211
8199
8198
8193
8193
8183
8175
8170
8169
8162
8128
8124
8115
8113
8098
8088
8060
8058
8055
8047
8018
8018
8014
7975
7964
7955
7873
7862
7836
7825
7823
7792
7790
7787
7781
7758
7754
7738
7730
7701
7694
7689
7685
7684
7677
7633
7628
7610
7600
7590
7571
7564
7562
7557
7543
7522
7499
7498
7480
7478
7447
7439
7438
7434
7430
7430
7424
7394
7371
7370
7355
7326
7306
7280
7278
7260
7259
7256
7253
7235
7218
7199
7194
7190
7183
7182
7167
7163
7159
7125
7106
7095
7093
7085
7072
7053
7043
7038
7034
7029
7019
7016
7015
7009
6959
6959
6947
6930
6923
6920
6920
6915
6907
6907
6906
6901
6891
6874
6869
6848
6847
6837
6832
6829
6827
6809
6802
6798
6796
6795
6792
6782
6777
6774
6772
6771
6770
6769
6738
6721
6713
6701
6691
6688
6670
6667
6651
6641
6637
6632
6621
6604
6602
6600
6599
6571
6543
6502
6488
6479
6470
6468
6448
6447
6439
6429
6428
6417
6401
6391
6390
6366
6364
6355
6354
6324
6289
6283
6281
6275
6257
6249
6196
6167
6158
6144
6143
6130
6128
6097
6082
6078
6043
6043
6040
5996
5951
5948
5945
5937
5925
5924
5916
5908
5899
5876
5854
5853
5816
5816
5798
5795
5782
5770
5761
5746
5743
5739
5727
5723
5716
5710
5681
5671
5671
5670
5668
5663
5639
5632
5621
5600
5599
5598
5549
5545
5529
5521
5509
5473
5461
5460
5437
5428
5413
5399
5396
5379
5376
5370
5355
5330
5292
5290
5268
5265
5261
5260
5235
5232
5231
5230
5228
5225
5187
5186
5175
5173
5145
5106
5102
5070
5056
5041
5031
4989
4985
4979
4977
4951
4950
4950
4944
4919
4916
4915
4913
4898
4897
4893
4877
4859
4855
4844
4831
4811
4793
4785
4775
4757
4757
4739
4701
4680
4657
4642
4640
4620
4616
4606
4604
4601
4600
4542
4530
4522
4521
4481
4480
4475
4471
4461
4440
4431
4425
4415
4402
4393
4384
4324
4319
4289
4264
4259
4255
4248
4218
4218
4216
4211
4210
4197
4185
4176
4166
4159
4156
4151
4145
4141
4137
4108
4081
4052
4051
4045
4045
4041
4031
4027
4017
4007
3995
3980
3964
3954
3941
3939
3929
3923
3890
3883
3868
3858
3857
3849
3847
3840
3834
3833
3827
3826
3824
3822
3817
3813
3804
3792
3779
3762
3733
3724
3716
3708
3706
3693
3689
3682
3677
3666
3661
3655
3642
3631
3631
3618
3617
3600
3597
3573
3548
3547
3536
3535
3532
3494
3479
3469
3468
3462
3452
3447
3444
3443
3436
3399
3365
3360
3359
3356
3353
3353
3352
3347
3313
3310
3301
3293
3284
3281
3278
3273
3265
3213
3210
3207
3195
3193
3193
3172
3170
3166
3164
3154
3150
3149
3148
3147
3142
3135
3134
3115
3111
3103
3100
3092
3090
3072
3060
3059
3056
3047
3039
3028
3023
3021
3021
3011
3010
3004
3001
3000
2983
2977
2976
2967
2959
2956
2952
2945
2941
2933
2925
2922
2910
2885
2856
2849
2829
2801
2801
2786
2784
2783
2773
2758
2754
2749
2739
2703
2696
2696
2665
2659
2630
2608
2608
2605
2595
2592
2577
2555
2544
2540
2530
2509
2500
2484
2477
2463
2462
2453
2451
2447
2436
2433
2430
2401
2382
2376
2367
2357
2345
2336
2332
2311
2307
2307
2306
2286
2275
2260
2255
2253
2248
2247
2240
2232
2224
2213
2212
2203
2202
2185
2181
2157
2149
2148
2147
2142
2142
2139
2131
2130
2126
2124
2117
2115
2112
2090
2079
2062
2046
2044
2036
2030
2028
2023
2022
2018
2012
2009
2003
1979
1952
1946
1935
1923
1917
1913
1894
1891
1866
1859
1839
1839
1831
1826
1808
1803
1803
1780
1749
1749
1740
1732
1714
1710
1693
1673
1659
1657
1645
1621
1617
1609
1607
1606
1602
1597
1586
1583
1583
1581
1581
1575
1554
1541
1536
1524
1519
1494
1488
1473
1470
1461
1451
1445
1428
1426
1426
1406
1404
1395
1368
1364
1348
1343
1335
1335
1312
1307
1300
1278
1277
1266
1257
1254
1245
1230
1228
1222
1214
1200
1183
1182
1163
1150
1149
1147
1145
1144
1135
1125
1113
1093
1066
1047
1045
1042
1000
995
992
991
987
985
950
928
924
916
912
905
889
888
883
877
861
856
853
848
841
836
826
820
819
802
797
789
788
779
740
734
732
728
710
704
699
696
691
669
668
655
641
624
597
595
591
576
568
567
561
559
552
545
544
544
543
543
540
539
534
532
523
522
510
504
488
472
449
445
445
438
435
432
428
428
408
403
389
387
385
379
359
349
325
321
310
309
304
297
281
275
273
264
264
253
247
244
242
226
220
219
217
210
208
201
191
190
183
176
173
172
163
160
158
152
149
146
142
127
113
111
103
97
93
83
82
70
68
56
48
40
24
18
17
16
15
1
