99922
99744
99725
99608
99584
99517
99487
99376
99283
99256
99191
99119
98804
98793
98742
98706
98647
98595
98571
98552
98484
98482
98363
98239
98078
98042
97893
97760
97733
97662
97631
97548
97382
97293
97036
96824
96799
96540
96329
96183
95849
95684
95658
95567
95532
95520
95328
95238
95044
94901
94761
94645
94559
94553
94387
94296
93913
93899
93857
93648
93568
93534
93527
93496
93186
93108
93006
92959
92445
92339
92326
92201
91896
91833
91821
91789
91674
91512
91497
91267
91102
91057
90910
90697
90637
90447
90342
90217
90194
90086
90016
89828
89741
89678
89478
89451
89439
89435
89284
89240
89144
89059
89028
88995
88954
88940
88881
88700
88645
88580
88510
88397
88093
87907
87850
87116
87115
86930
86884
86651
86498
86478
86372
86334
86235
86088
86045
85913
85636
85614
85533
85401
85395
85379
85336
85314
85222
85072
85020
84916
84908
84810
84806
84737
84667
84590
84550
84427
84365
84345
84307
84118
84117
84034
83874
83574
83463
83388
83294
83268
83058
83023
83020
82987
82965
82932
82884
82783
82552
82480
82457
82379
82365
82293
82236
82218
82157
81506
81483
81436
81377
81235
81216
81121
81022
80924
80676
80595
80565
80558
80453
80433
80400
80187
80155
79909
79893
79718
79628
79488
79184
79115
78889
78832
78775
78618
78588
78564
78522
78517
78511
78349
78275
78209
78188
78053
78051
77919
77725
77697
77625
77415
77366
77049
76910
76850
76786
76786
76669
76460
76364
76298
76283
76282
76236
76221
76058
76009
75970
75871
75845
75747
75704
75522
75511
75490
75387
75368
75307
75290
75246
75173
75036
74997
74981
74867
74841
74743
74623
74369
74283
74169
73999
73891
73882
73759
73706
73479
73352
73111
73104
73052
72962
72959
72570
72569
72566
72559
72349
72182
72180
72121
71971
71914
71884
71672
71672
71664
71576
71561
71469
71298
71189
71002
70957
70885
70763
70756
70626
70590
70502
70394
70293
70254
70216
69972
69957
69951
69653
69650
69648
69457
69301
69169
69147
69134
69054
68969
68903
68788
68583
68571
68512
68455
68422
68407
68383
68356
68333
68290
68184
68105
68006
67951
67930
67872
67744
67740
67734
67718
67709
67637
67611
67536
67535
67358
67332
67281
67161
66996
66965
66927
66925
66888
66883
66786
66654
66491
66365
66344
66039
65820
65595
65591
65589
65588
65572
65550
65407
65342
65319
65300
65282
65058
65042
64950
64850
64687
64626
64472
64224
64200
64154
64049
64026
63966
63927
63810
63687
63686
63662
63656
63605
63428
63308
63284
63273
63259
63218
63213
63144
63119
63074
63034
62918
62904
62858
62832
62697
62681
62419
62313
62232
62047
61983
61963
61947
61868
61854
61815
61755
61684
61627
61581
61572
61483
61294
61280
61068
60868
60823
60736
60712
60550
60444
60437
60413
60378
60368
60365
60222
60202
59972
59857
59826
59794
59756
59747
59658
59531
59476
59282
59177
59116
58950
58731
58683
58407
58406
58258
58182
57984
57753
57645
57610
57473
57375
57262
57260
57153
56982
56976
56942
56806
56771
56641
56387
56359
56305
56254
55927
55680
55625
55405
55398
55314
55236
55090
55028
55017
54964
54813
54757
54708
54384
54319
54274
54262
54218
54208
53883
53721
53660
53476
53369
53236
53022
52887
52884
52469
52423
52236
52070
51937
51548
51529
51331
51279
51194
51124
51055
51024
50920
50905
50804
50696
50478
50426
50405
50378
50216
50134
50081
50017
49848
49694
49647
49368
49350
49312
49142
48780
48691
48617
48614
48491
48457
48241
48217
47900
47879
47873
47707
47675
47491
47432
47419
47256
47017
46949
46726
46689
46578
46217
46146
46102
46074
45997
45825
45751
45458
45384
45319
44762
44703
44667
44648
44644
44636
44557
44440
44401
44189
44108
43927
43824
43592
43404
43303
43176
43175
43098
43017
42993
42772
42519
42404
42251
42101
42079
42033
42019
41893
41645
41579
41557
41522
41474
41332
41314
41193
41169
41109
41050
40957
40561
40297
40278
40180
40104
39859
39839
39730
39718
39618
39569
39544
39533
39529
39397
39282
39277
39197
39184
38918
38862
38650
38632
38232
38229
38219
38216
38024
37993
37755
37578
37532
37342
37306
37258
37220
37018
36973
36867
36851
36508
36459
36250
36211
36155
36130
35967
35966
35920
35914
35703
35686
35567
35461
35454
35040
35004
34948
34694
34593
34502
34495
34301
34280
34278
34078
34047
33854
33647
33503
33495
33320
33119
32906
32842
32823
32745
32648
32069
31958
31915
31819
31519
31331
31242
31143
31062
30855
30849
30830
30640
30245
30182
30106
30088
29919
29791
29638
29407
29201
29110
28933
28816
28591
28484
28456
28310
28201
28012
27979
27858
27832
27616
27519
27436
27173
26939
26891
26841
26717
26635
26635
26489
26484
26370
26308
26188
26117
26110
26088
26014
25927
25922
25858
25814
25629
25571
25562
25557
25552
25223
25092
25048
24908
24855
24758
24716
24528
24365
24266
24185
24125
24112
24067
23928
23741
23517
23476
23412
23364
23297
23095
22869
22755
22683
22675
22665
22555
22541
22473
22406
22385
22364
22246
22202
22104
22103
21920
21701
21689
21434
21261
21191
21189
21067
20857
20817
20721
20624
20449
20401
20363
20217
20208
20193
20042
19975
19757
19738
19442
19370
19266
19167
19039
18995
18916
18891
18787
18542
18502
18474
18424
18383
18370
18357
18311
18294
18256
18167
18115
18073
17507
17493
17373
17342
17249
17073
17064
16921
16908
16697
16621
16426
16328
16264
16261
16142
16137
16094
16013
15944
15928
15785
15739
15700
15450
15252
15149
15030
14942
14890
14661
14604
14576
14433
14374
14252
14202
14171
14071
14040
14001
13943
13938
13924
13790
13554
13394
13080
13074
13070
12972
12819
12669
12608
12338
12114
12005
11939
11919
11897
11689
11684
11567
11350
11276
11250
11197
10916
10708
10536
10449
10377
10171
10162
10137
10096
9985
9968
9778
9690
9552
9382
9328
9319
9268
9246
9229
9073
8896
8830
8666
8555
8513
8490
8485
8400
8266
8208
8037
7980
7548
7537
7482
7331
7223
7189
7150
7108
6672
6339
6185
6184
6058
5905
5817
5745
5677
5496
5466
5444
5327
4967
4505
4430
4423
4402
4292
4182
4008
3933
3627
3590
3324
3309
3291
3289
3274
2858
2758
2753
2524
2400
2370
2337
2310
2231
2154
2050
1925
1923
1658
1634
1495
1405
1388
983
970
745
699
543
395
359
138
25
